139,1,36,ff13509
139,1330,36,ff13510
139,1333,36,ff13511
139,1337,36,ff13512
139,1360,36,ff13513
139,1364,36,ff13514
139,1381,36,ff13515
139,1388,36,ff13516
139,1409,36,ff13517
139,1423,36,ff13518
139,1447,36,ff13519
139,1453,36,ff13520
139,1454,36,ff13521
139,1462,36,ff13522
139,1467,36,ff13523
139,1472,36,ff13524
139,1482,36,ff13525
139,1484,36,ff13526
139,1490,36,ff13527
139,1504,36,ff13528
139,2579,36,ff13529
139,584,36,ff13530
139,1406,36,ff13531
139,1475,36,ff13532
139,1352,36,ff13533
139,1323,36,ff13534
139,1479,36,ff13535
139,1401,36,ff13536
139,1351,36,ff13537
139,1318,36,ff13538
139,1434,36,ff13539
139,1500,36,ff13540
139,1417,36,ff13541
139,1338,36,ff13542
139,1328,36,ff13543
139,1461,36,ff13544
139,1495,36,ff13545
139,1497,36,ff13546
139,1336,36,ff13547
139,1376,36,ff13548
139,1384,36,ff13549
139,1505,36,ff13550
139,1320,36,ff13551
139,1415,36,ff13552
139,1399,36,ff13553
139,1470,36,ff13554
139,1411,36,ff13555
139,1451,36,ff13556
139,1387,36,ff13557
139,1321,36,ff13558
139,1335,36,ff13559
139,1357,36,ff13560
139,1374,36,ff13561
139,1386,36,ff13562
139,1424,36,ff13563
139,1442,36,ff13564
139,2576,36,ff13565
139,583,36,ff13566
139,594,36,ff13567
139,585,36,ff13568
139,3738,36,ff13569
139,3751,36,ff13570
139,3743,36,ff13571
139,3741,36,ff13572
139,3752,36,ff13573
1509,73,1115,ff13574
1509,75,1115,ff13575
2220,1,53,ff13576
2220,1330,53,ff13577
2220,1333,53,ff13578
2220,1337,53,ff13579
2220,1360,53,ff13580
2220,1364,53,ff13581
2220,1381,53,ff13582
2220,1388,53,ff13583
2220,1409,53,ff13584
2220,1423,53,ff13585
2220,1447,53,ff13586
2220,1453,53,ff13587
2220,1454,53,ff13588
2220,1462,53,ff13589
2220,1467,53,ff13590
2220,1472,53,ff13591
2220,1482,53,ff13592
2220,1484,53,ff13593
2220,1490,53,ff13594
2220,1504,53,ff13595
2220,2579,53,ff13596
2220,584,53,ff13597
2220,1406,53,ff13598
2220,1475,53,ff13599
2220,1352,53,ff13600
2220,1323,53,ff13601
2220,1479,53,ff13602
2220,1401,53,ff13603
2220,1351,53,ff13604
2220,1318,53,ff13605
2220,1434,53,ff13606
2220,1500,53,ff13607
2220,1417,53,ff13608
2220,1338,53,ff13609
2220,1328,53,ff13610
2220,1461,53,ff13611
2220,1495,53,ff13612
2220,1497,53,ff13613
2220,1336,53,ff13614
2220,1376,53,ff13615
2220,1384,53,ff13616
2220,1505,53,ff13617
2220,1320,53,ff13618
2220,1415,53,ff13619
2220,1399,53,ff13620
2220,1470,53,ff13621
2220,1411,53,ff13622
2220,1451,53,ff13623
2220,1387,53,ff13624
2220,1321,53,ff13625
2220,1335,53,ff13626
2220,1357,53,ff13627
2220,1374,53,ff13628
2220,1386,53,ff13629
2220,1424,53,ff13630
2220,1442,53,ff13631
2220,2576,53,ff13632
2220,583,53,ff13633
2220,594,53,ff13634
2220,585,53,ff13635
2220,3738,53,ff13636
2220,3751,53,ff13637
2220,3743,53,ff13638
2220,3741,53,ff13639
2220,3752,53,ff13640
370,409,411,ff13641
370,413,411,ff13642
370,424,411,ff13643
370,258,165,ff13644
370,410,411,ff13645
370,418,411,ff13646
370,216,411,ff13647
370,252,165,ff13648
370,259,165,ff13649
370,411,411,ff13650
370,421,411,ff13651
370,429,411,ff13652
414,409,411,ff13653
414,413,411,ff13654
414,424,411,ff13655
414,258,165,ff13656
414,410,411,ff13657
414,418,411,ff13658
414,216,411,ff13659
414,252,165,ff13660
414,259,165,ff13661
414,411,411,ff13662
414,421,411,ff13663
414,429,411,ff13664
735,1224,76,ff13665
735,1124,76,ff13666
735,1157,76,ff13667
735,1171,76,ff13668
735,1221,76,ff13669
735,1226,76,ff13670
735,1230,76,ff13671
735,1260,76,ff13672
735,1269,76,ff13673
735,1270,76,ff13674
735,1284,76,ff13675
735,1293,76,ff13676
735,1305,76,ff13677
735,3861,76,ff13678
735,759,76,ff13679
735,1137,76,ff13680
735,1140,76,ff13681
735,1149,76,ff13682
735,1159,76,ff13683
735,1165,76,ff13684
735,1167,76,ff13685
735,1223,76,ff13686
735,1265,76,ff13687
735,1275,76,ff13688
735,1277,76,ff13689
735,1299,76,ff13690
735,1309,76,ff13691
735,814,76,ff13692
735,1266,76,ff13693
1130,409,411,ff13694
1130,413,411,ff13695
1130,424,411,ff13696
1130,258,165,ff13697
1130,410,411,ff13698
1130,418,411,ff13699
1130,216,411,ff13700
1130,252,165,ff13701
1130,259,165,ff13702
1130,411,411,ff13703
1130,421,411,ff13704
1130,429,411,ff13705
1156,44,2693,ff13706
1162,1,29,ff13707
1162,1330,29,ff13708
1162,1333,29,ff13709
1162,1337,29,ff13710
1162,1360,29,ff13711
1162,1364,29,ff13712
1162,1381,29,ff13713
1162,1388,29,ff13714
1162,1409,29,ff13715
1162,1423,29,ff13716
1162,1447,29,ff13717
1162,1453,29,ff13718
1162,1454,29,ff13719
1162,1462,29,ff13720
1162,1467,29,ff13721
1162,1472,29,ff13722
1162,1482,29,ff13723
1162,1484,29,ff13724
1162,1490,29,ff13725
1162,1504,29,ff13726
1162,2579,29,ff13727
1162,584,29,ff13728
1162,1406,29,ff13729
1162,1475,29,ff13730
1162,1352,29,ff13731
1162,1323,29,ff13732
1162,1479,29,ff13733
1162,1401,29,ff13734
1162,1351,29,ff13735
1162,1318,29,ff13736
1162,1434,29,ff13737
1162,1500,29,ff13738
1162,1417,29,ff13739
1162,1338,29,ff13740
1162,1328,29,ff13741
1162,1461,29,ff13742
1162,1495,29,ff13743
1162,1497,29,ff13744
1162,1336,29,ff13745
1162,1376,29,ff13746
1162,1384,29,ff13747
1162,1505,29,ff13748
1162,1320,29,ff13749
1162,1415,29,ff13750
1162,1399,29,ff13751
1162,1470,29,ff13752
1162,1411,29,ff13753
1162,1451,29,ff13754
1162,1387,29,ff13755
1162,1321,29,ff13756
1162,1335,29,ff13757
1162,1357,29,ff13758
1162,1374,29,ff13759
1162,1386,29,ff13760
1162,1424,29,ff13761
1162,1442,29,ff13762
1162,2576,29,ff13763
1162,583,29,ff13764
1162,594,29,ff13765
1162,585,29,ff13766
1162,3738,29,ff13767
1162,3751,29,ff13768
1162,3743,29,ff13769
1162,3741,29,ff13770
1162,3752,29,ff13771
1199,409,411,ff13772
1199,413,411,ff13773
1199,424,411,ff13774
1199,258,165,ff13775
1199,410,411,ff13776
1199,418,411,ff13777
1199,216,411,ff13778
1199,252,165,ff13779
1199,259,165,ff13780
1199,411,411,ff13781
1199,421,411,ff13782
1199,429,411,ff13783
1304,58,1079,ff13784
133,409,411,ff13785
133,413,411,ff13786
133,424,411,ff13787
133,258,165,ff13788
133,410,411,ff13789
133,418,411,ff13790
133,216,411,ff13791
133,252,165,ff13792
133,259,165,ff13793
133,411,411,ff13794
133,421,411,ff13795
133,429,411,ff13796
137,73,1115,ff13797
137,75,1115,ff13798
1493,73,1115,ff13799
1493,75,1115,ff13800
1499,73,1115,ff13801
1499,75,1115,ff13802
150,73,1115,ff13803
150,75,1115,ff13804
156,409,411,ff13805
156,413,411,ff13806
156,424,411,ff13807
156,258,165,ff13808
156,410,411,ff13809
156,418,411,ff13810
156,216,411,ff13811
156,252,165,ff13812
156,259,165,ff13813
156,411,411,ff13814
156,421,411,ff13815
156,429,411,ff13816
1757,409,60,ff13817
1757,413,60,ff13818
1757,424,60,ff13819
1757,258,60,ff13820
1757,410,60,ff13821
1757,418,60,ff13822
1757,941,60,ff13823
1757,951,60,ff13824
1757,923,60,ff13825
1757,216,60,ff13826
1757,252,60,ff13827
1757,259,60,ff13828
1757,4,60,ff13829
1757,44,60,ff13830
1757,948,60,ff13831
1757,411,60,ff13832
1757,421,60,ff13833
1757,429,60,ff13834
1757,722,60,ff13835
1757,3867,60,ff13836
1757,3003,60,ff13837
1757,3533,60,ff13838
1757,917,60,ff13839
1757,953,60,ff13840
1828,1224,73,ff13841
1828,1124,73,ff13842
1828,1157,73,ff13843
1828,1171,73,ff13844
1828,1221,73,ff13845
1828,1226,73,ff13846
1828,1230,73,ff13847
1828,1260,73,ff13848
1828,1269,73,ff13849
1828,1270,73,ff13850
1828,1284,73,ff13851
1828,1293,73,ff13852
1828,1305,73,ff13853
1828,3861,73,ff13854
1828,759,73,ff13855
1828,1137,73,ff13856
1828,1140,73,ff13857
1828,1149,73,ff13858
1828,1159,73,ff13859
1828,1165,73,ff13860
1828,1167,73,ff13861
1828,1223,73,ff13862
1828,1265,73,ff13863
1828,1275,73,ff13864
1828,1277,73,ff13865
1828,1299,73,ff13866
1828,1309,73,ff13867
1828,814,73,ff13868
1828,1266,73,ff13869
2202,409,411,ff13870
2202,413,411,ff13871
2202,424,411,ff13872
2202,258,165,ff13873
2202,410,411,ff13874
2202,418,411,ff13875
2202,216,411,ff13876
2202,252,165,ff13877
2202,259,165,ff13878
2202,411,411,ff13879
2202,421,411,ff13880
2202,429,411,ff13881
2222,1,36,ff13882
2222,1330,36,ff13883
2222,1333,36,ff13884
2222,1337,36,ff13885
2222,1360,36,ff13886
2222,1364,36,ff13887
2222,1381,36,ff13888
2222,1388,36,ff13889
2222,1409,36,ff13890
2222,1423,36,ff13891
2222,1447,36,ff13892
2222,1453,36,ff13893
2222,1454,36,ff13894
2222,1462,36,ff13895
2222,1467,36,ff13896
2222,1472,36,ff13897
2222,1482,36,ff13898
2222,1484,36,ff13899
2222,1490,36,ff13900
2222,1504,36,ff13901
2222,2579,36,ff13902
2222,584,36,ff13903
2222,1406,36,ff13904
2222,1475,36,ff13905
2222,1352,36,ff13906
2222,1323,36,ff13907
2222,1479,36,ff13908
2222,1401,36,ff13909
2222,1351,36,ff13910
2222,1318,36,ff13911
2222,1434,36,ff13912
2222,1500,36,ff13913
2222,1417,36,ff13914
2222,1338,36,ff13915
2222,1328,36,ff13916
2222,1461,36,ff13917
2222,1495,36,ff13918
2222,1497,36,ff13919
2222,1336,36,ff13920
2222,1376,36,ff13921
2222,1384,36,ff13922
2222,1505,36,ff13923
2222,1320,36,ff13924
2222,1415,36,ff13925
2222,1399,36,ff13926
2222,1470,36,ff13927
2222,1411,36,ff13928
2222,1451,36,ff13929
2222,1387,36,ff13930
2222,1321,36,ff13931
2222,1335,36,ff13932
2222,1357,36,ff13933
2222,1374,36,ff13934
2222,1386,36,ff13935
2222,1424,36,ff13936
2222,1442,36,ff13937
2222,2576,36,ff13938
2222,583,36,ff13939
2222,594,36,ff13940
2222,585,36,ff13941
2222,3738,36,ff13942
2222,3751,36,ff13943
2222,3743,36,ff13944
2222,3741,36,ff13945
2222,3752,36,ff13946
2268,1224,73,ff13947
2268,1124,73,ff13948
2268,1157,73,ff13949
2268,1171,73,ff13950
2268,1221,73,ff13951
2268,1226,73,ff13952
2268,1230,73,ff13953
2268,1260,73,ff13954
2268,1269,73,ff13955
2268,1270,73,ff13956
2268,1284,73,ff13957
2268,1293,73,ff13958
2268,1305,73,ff13959
2268,3861,73,ff13960
2268,759,73,ff13961
2268,1137,73,ff13962
2268,1140,73,ff13963
2268,1149,73,ff13964
2268,1159,73,ff13965
2268,1165,73,ff13966
2268,1167,73,ff13967
2268,1223,73,ff13968
2268,1265,73,ff13969
2268,1275,73,ff13970
2268,1277,73,ff13971
2268,1299,73,ff13972
2268,1309,73,ff13973
2268,814,73,ff13974
2268,1266,73,ff13975
2357,1,53,ff13976
2357,1330,53,ff13977
2357,1333,53,ff13978
2357,1337,53,ff13979
2357,1360,53,ff13980
2357,1364,53,ff13981
2357,1381,53,ff13982
2357,1388,53,ff13983
2357,1409,53,ff13984
2357,1423,53,ff13985
2357,1447,53,ff13986
2357,1453,53,ff13987
2357,1454,53,ff13988
2357,1462,53,ff13989
2357,1467,53,ff13990
2357,1472,53,ff13991
2357,1482,53,ff13992
2357,1484,53,ff13993
2357,1490,53,ff13994
2357,1504,53,ff13995
2357,2579,53,ff13996
2357,584,53,ff13997
2357,1406,53,ff13998
2357,1475,53,ff13999
2357,1352,53,ff14000
2357,1323,53,ff14001
2357,1479,53,ff14002
2357,1401,53,ff14003
2357,1351,53,ff14004
2357,1318,53,ff14005
2357,1434,53,ff14006
2357,1500,53,ff14007
2357,1417,53,ff14008
2357,1338,53,ff14009
2357,1328,53,ff14010
2357,1461,53,ff14011
2357,1495,53,ff14012
2357,1497,53,ff14013
2357,1336,53,ff14014
2357,1376,53,ff14015
2357,1384,53,ff14016
2357,1505,53,ff14017
2357,1320,53,ff14018
2357,1415,53,ff14019
2357,1399,53,ff14020
2357,1470,53,ff14021
2357,1411,53,ff14022
2357,1451,53,ff14023
2357,1387,53,ff14024
2357,1321,53,ff14025
2357,1335,53,ff14026
2357,1357,53,ff14027
2357,1374,53,ff14028
2357,1386,53,ff14029
2357,1424,53,ff14030
2357,1442,53,ff14031
2357,2576,53,ff14032
2357,583,53,ff14033
2357,594,53,ff14034
2357,585,53,ff14035
2357,3738,53,ff14036
2357,3751,53,ff14037
2357,3743,53,ff14038
2357,3741,53,ff14039
2357,3752,53,ff14040
2477,1,29,ff14041
2477,1330,29,ff14042
2477,1333,29,ff14043
2477,1337,29,ff14044
2477,1360,29,ff14045
2477,1364,29,ff14046
2477,1381,29,ff14047
2477,1388,29,ff14048
2477,1409,29,ff14049
2477,1423,29,ff14050
2477,1447,29,ff14051
2477,1453,29,ff14052
2477,1454,29,ff14053
2477,1462,29,ff14054
2477,1467,29,ff14055
2477,1472,29,ff14056
2477,1482,29,ff14057
2477,1484,29,ff14058
2477,1490,29,ff14059
2477,1504,29,ff14060
2477,2579,29,ff14061
2477,584,29,ff14062
2477,1406,29,ff14063
2477,1475,29,ff14064
2477,1352,29,ff14065
2477,1323,29,ff14066
2477,1479,29,ff14067
2477,1401,29,ff14068
2477,1351,29,ff14069
2477,1318,29,ff14070
2477,1434,29,ff14071
2477,1500,29,ff14072
2477,1417,29,ff14073
2477,1338,29,ff14074
2477,1328,29,ff14075
2477,1461,29,ff14076
2477,1495,29,ff14077
2477,1497,29,ff14078
2477,1336,29,ff14079
2477,1376,29,ff14080
2477,1384,29,ff14081
2477,1505,29,ff14082
2477,1320,29,ff14083
2477,1415,29,ff14084
2477,1399,29,ff14085
2477,1470,29,ff14086
2477,1411,29,ff14087
2477,1451,29,ff14088
2477,1387,29,ff14089
2477,1321,29,ff14090
2477,1335,29,ff14091
2477,1357,29,ff14092
2477,1374,29,ff14093
2477,1386,29,ff14094
2477,1424,29,ff14095
2477,1442,29,ff14096
2477,2576,29,ff14097
2477,583,29,ff14098
2477,594,29,ff14099
2477,585,29,ff14100
2477,3738,29,ff14101
2477,3751,29,ff14102
2477,3743,29,ff14103
2477,3741,29,ff14104
2477,3752,29,ff14105
2482,409,411,ff14106
2482,413,411,ff14107
2482,424,411,ff14108
2482,258,165,ff14109
2482,410,411,ff14110
2482,418,411,ff14111
2482,216,411,ff14112
2482,252,165,ff14113
2482,259,165,ff14114
2482,411,411,ff14115
2482,421,411,ff14116
2482,429,411,ff14117
2507,1,36,ff14118
2507,1330,36,ff14119
2507,1333,36,ff14120
2507,1337,36,ff14121
2507,1360,36,ff14122
2507,1364,36,ff14123
2507,1381,36,ff14124
2507,1388,36,ff14125
2507,1409,36,ff14126
2507,1423,36,ff14127
2507,1447,36,ff14128
2507,1453,36,ff14129
2507,1454,36,ff14130
2507,1462,36,ff14131
2507,1467,36,ff14132
2507,1472,36,ff14133
2507,1482,36,ff14134
2507,1484,36,ff14135
2507,1490,36,ff14136
2507,1504,36,ff14137
2507,2579,36,ff14138
2507,584,36,ff14139
2507,1406,36,ff14140
2507,1475,36,ff14141
2507,1352,36,ff14142
2507,1323,36,ff14143
2507,1479,36,ff14144
2507,1401,36,ff14145
2507,1351,36,ff14146
2507,1318,36,ff14147
2507,1434,36,ff14148
2507,1500,36,ff14149
2507,1417,36,ff14150
2507,1338,36,ff14151
2507,1328,36,ff14152
2507,1461,36,ff14153
2507,1495,36,ff14154
2507,1497,36,ff14155
2507,1336,36,ff14156
2507,1376,36,ff14157
2507,1384,36,ff14158
2507,1505,36,ff14159
2507,1320,36,ff14160
2507,1415,36,ff14161
2507,1399,36,ff14162
2507,1470,36,ff14163
2507,1411,36,ff14164
2507,1451,36,ff14165
2507,1387,36,ff14166
2507,1321,36,ff14167
2507,1335,36,ff14168
2507,1357,36,ff14169
2507,1374,36,ff14170
2507,1386,36,ff14171
2507,1424,36,ff14172
2507,1442,36,ff14173
2507,2576,36,ff14174
2507,583,36,ff14175
2507,594,36,ff14176
2507,585,36,ff14177
2507,3738,36,ff14178
2507,3751,36,ff14179
2507,3743,36,ff14180
2507,3741,36,ff14181
2507,3752,36,ff14182
295,409,411,ff14183
295,413,411,ff14184
295,424,411,ff14185
295,258,165,ff14186
295,410,411,ff14187
295,418,411,ff14188
295,216,411,ff14189
295,252,165,ff14190
295,259,165,ff14191
295,411,411,ff14192
295,421,411,ff14193
295,429,411,ff14194
319,409,411,ff14195
319,413,411,ff14196
319,424,411,ff14197
319,258,165,ff14198
319,410,411,ff14199
319,418,411,ff14200
319,216,411,ff14201
319,252,165,ff14202
319,259,165,ff14203
319,411,411,ff14204
319,421,411,ff14205
319,429,411,ff14206
375,409,411,ff14207
375,413,411,ff14208
375,424,411,ff14209
375,258,165,ff14210
375,410,411,ff14211
375,418,411,ff14212
375,216,411,ff14213
375,252,165,ff14214
375,259,165,ff14215
375,411,411,ff14216
375,421,411,ff14217
375,429,411,ff14218
385,409,411,ff14219
385,413,411,ff14220
385,424,411,ff14221
385,258,165,ff14222
385,410,411,ff14223
385,418,411,ff14224
385,216,411,ff14225
385,252,165,ff14226
385,259,165,ff14227
385,411,411,ff14228
385,421,411,ff14229
385,429,411,ff14230
442,409,411,ff14231
442,413,411,ff14232
442,424,411,ff14233
442,258,165,ff14234
442,410,411,ff14235
442,418,411,ff14236
442,216,411,ff14237
442,252,165,ff14238
442,259,165,ff14239
442,411,411,ff14240
442,421,411,ff14241
442,429,411,ff14242
635,409,411,ff14243
635,413,411,ff14244
635,424,411,ff14245
635,258,165,ff14246
635,410,411,ff14247
635,418,411,ff14248
635,216,411,ff14249
635,252,165,ff14250
635,259,165,ff14251
635,411,411,ff14252
635,421,411,ff14253
635,429,411,ff14254
659,409,411,ff14255
659,413,411,ff14256
659,424,411,ff14257
659,258,165,ff14258
659,410,411,ff14259
659,418,411,ff14260
659,216,411,ff14261
659,252,165,ff14262
659,259,165,ff14263
659,411,411,ff14264
659,421,411,ff14265
659,429,411,ff14266
679,409,411,ff14267
679,413,411,ff14268
679,424,411,ff14269
679,258,165,ff14270
679,410,411,ff14271
679,418,411,ff14272
679,216,411,ff14273
679,252,165,ff14274
679,259,165,ff14275
679,411,411,ff14276
679,421,411,ff14277
679,429,411,ff14278
737,1224,76,ff14279
737,1124,76,ff14280
737,1157,76,ff14281
737,1171,76,ff14282
737,1221,76,ff14283
737,1226,76,ff14284
737,1230,76,ff14285
737,1260,76,ff14286
737,1269,76,ff14287
737,1270,76,ff14288
737,1284,76,ff14289
737,1293,76,ff14290
737,1305,76,ff14291
737,3861,76,ff14292
737,759,76,ff14293
737,1137,76,ff14294
737,1140,76,ff14295
737,1149,76,ff14296
737,1159,76,ff14297
737,1165,76,ff14298
737,1167,76,ff14299
737,1223,76,ff14300
737,1265,76,ff14301
737,1275,76,ff14302
737,1277,76,ff14303
737,1299,76,ff14304
737,1309,76,ff14305
737,814,76,ff14306
737,1266,76,ff14307
802,409,411,ff14308
802,413,411,ff14309
802,424,411,ff14310
802,258,165,ff14311
802,410,411,ff14312
802,418,411,ff14313
802,216,411,ff14314
802,252,165,ff14315
802,259,165,ff14316
802,411,411,ff14317
802,421,411,ff14318
802,429,411,ff14319
810,1,47,ff14320
810,1330,47,ff14321
810,1333,47,ff14322
810,1337,47,ff14323
810,1360,47,ff14324
810,1364,47,ff14325
810,1381,47,ff14326
810,1388,47,ff14327
810,1409,47,ff14328
810,1423,47,ff14329
810,1447,47,ff14330
810,1453,47,ff14331
810,1454,47,ff14332
810,1462,47,ff14333
810,1467,47,ff14334
810,1472,47,ff14335
810,1482,47,ff14336
810,1484,47,ff14337
810,1490,47,ff14338
810,1504,47,ff14339
810,2579,47,ff14340
810,584,47,ff14341
810,1406,47,ff14342
810,1475,47,ff14343
810,1352,47,ff14344
810,1323,47,ff14345
810,1479,47,ff14346
810,1401,47,ff14347
810,1351,47,ff14348
810,1318,47,ff14349
810,1434,47,ff14350
810,1500,47,ff14351
810,1417,47,ff14352
810,1338,47,ff14353
810,1328,47,ff14354
810,1461,47,ff14355
810,1495,47,ff14356
810,1497,47,ff14357
810,1336,47,ff14358
810,1376,47,ff14359
810,1384,47,ff14360
810,1505,47,ff14361
810,1320,47,ff14362
810,1415,47,ff14363
810,1399,47,ff14364
810,1470,47,ff14365
810,1411,47,ff14366
810,1451,47,ff14367
810,1387,47,ff14368
810,1321,47,ff14369
810,1335,47,ff14370
810,1357,47,ff14371
810,1374,47,ff14372
810,1386,47,ff14373
810,1424,47,ff14374
810,1442,47,ff14375
810,2576,47,ff14376
810,583,47,ff14377
810,594,47,ff14378
810,585,47,ff14379
810,3738,47,ff14380
810,3751,47,ff14381
810,3743,47,ff14382
810,3741,47,ff14383
810,3752,47,ff14384
972,409,411,ff14385
972,413,411,ff14386
972,424,411,ff14387
972,258,165,ff14388
972,410,411,ff14389
972,418,411,ff14390
972,216,411,ff14391
972,252,165,ff14392
972,259,165,ff14393
972,411,411,ff14394
972,421,411,ff14395
972,429,411,ff14396
245,409,411,ff14397
245,413,411,ff14398
245,424,411,ff14399
245,258,165,ff14400
245,410,411,ff14401
245,418,411,ff14402
245,216,411,ff14403
245,252,165,ff14404
245,259,165,ff14405
245,411,411,ff14406
245,421,411,ff14407
245,429,411,ff14408
1511,73,1115,ff14409
1511,75,1115,ff14410
1141,409,411,ff14411
1141,413,411,ff14412
1141,424,411,ff14413
1141,258,165,ff14414
1141,410,411,ff14415
1141,418,411,ff14416
1141,216,411,ff14417
1141,252,165,ff14418
1141,259,165,ff14419
1141,411,411,ff14420
1141,421,411,ff14421
1141,429,411,ff14422
1354,1,36,ff14423
1354,1330,36,ff14424
1354,1333,36,ff14425
1354,1337,36,ff14426
1354,1360,36,ff14427
1354,1364,36,ff14428
1354,1381,36,ff14429
1354,1388,36,ff14430
1354,1409,36,ff14431
1354,1423,36,ff14432
1354,1447,36,ff14433
1354,1453,36,ff14434
1354,1454,36,ff14435
1354,1462,36,ff14436
1354,1467,36,ff14437
1354,1472,36,ff14438
1354,1482,36,ff14439
1354,1484,36,ff14440
1354,1490,36,ff14441
1354,1504,36,ff14442
1354,2579,36,ff14443
1354,584,36,ff14444
1354,1406,36,ff14445
1354,1475,36,ff14446
1354,1352,36,ff14447
1354,1323,36,ff14448
1354,1479,36,ff14449
1354,1401,36,ff14450
1354,1351,36,ff14451
1354,1318,36,ff14452
1354,1434,36,ff14453
1354,1500,36,ff14454
1354,1417,36,ff14455
1354,1338,36,ff14456
1354,1328,36,ff14457
1354,1461,36,ff14458
1354,1495,36,ff14459
1354,1497,36,ff14460
1354,1336,36,ff14461
1354,1376,36,ff14462
1354,1384,36,ff14463
1354,1505,36,ff14464
1354,1320,36,ff14465
1354,1415,36,ff14466
1354,1399,36,ff14467
1354,1470,36,ff14468
1354,1411,36,ff14469
1354,1451,36,ff14470
1354,1387,36,ff14471
1354,1321,36,ff14472
1354,1335,36,ff14473
1354,1357,36,ff14474
1354,1374,36,ff14475
1354,1386,36,ff14476
1354,1424,36,ff14477
1354,1442,36,ff14478
1354,2576,36,ff14479
1354,583,36,ff14480
1354,594,36,ff14481
1354,585,36,ff14482
1354,3738,36,ff14483
1354,3751,36,ff14484
1354,3743,36,ff14485
1354,3741,36,ff14486
1354,3752,36,ff14487
1167,409,411,ff14488
1167,413,411,ff14489
1167,424,411,ff14490
1167,258,165,ff14491
1167,410,411,ff14492
1167,418,411,ff14493
1167,216,411,ff14494
1167,252,165,ff14495
1167,259,165,ff14496
1167,411,411,ff14497
1167,421,411,ff14498
1167,429,411,ff14499
1173,409,411,ff14500
1173,413,411,ff14501
1173,424,411,ff14502
1173,258,165,ff14503
1173,410,411,ff14504
1173,418,411,ff14505
1173,216,411,ff14506
1173,252,165,ff14507
1173,259,165,ff14508
1173,411,411,ff14509
1173,421,411,ff14510
1173,429,411,ff14511
1346,1,29,ff14512
1346,1330,29,ff14513
1346,1333,29,ff14514
1346,1337,29,ff14515
1346,1360,29,ff14516
1346,1364,29,ff14517
1346,1381,29,ff14518
1346,1388,29,ff14519
1346,1409,29,ff14520
1346,1423,29,ff14521
1346,1447,29,ff14522
1346,1453,29,ff14523
1346,1454,29,ff14524
1346,1462,29,ff14525
1346,1467,29,ff14526
1346,1472,29,ff14527
1346,1482,29,ff14528
1346,1484,29,ff14529
1346,1490,29,ff14530
1346,1504,29,ff14531
1346,2579,29,ff14532
1346,584,29,ff14533
1346,1406,29,ff14534
1346,1475,29,ff14535
1346,1352,29,ff14536
1346,1323,29,ff14537
1346,1479,29,ff14538
1346,1401,29,ff14539
1346,1351,29,ff14540
1346,1318,29,ff14541
1346,1434,29,ff14542
1346,1500,29,ff14543
1346,1417,29,ff14544
1346,1338,29,ff14545
1346,1328,29,ff14546
1346,1461,29,ff14547
1346,1495,29,ff14548
1346,1497,29,ff14549
1346,1336,29,ff14550
1346,1376,29,ff14551
1346,1384,29,ff14552
1346,1505,29,ff14553
1346,1320,29,ff14554
1346,1415,29,ff14555
1346,1399,29,ff14556
1346,1470,29,ff14557
1346,1411,29,ff14558
1346,1451,29,ff14559
1346,1387,29,ff14560
1346,1321,29,ff14561
1346,1335,29,ff14562
1346,1357,29,ff14563
1346,1374,29,ff14564
1346,1386,29,ff14565
1346,1424,29,ff14566
1346,1442,29,ff14567
1346,2576,29,ff14568
1346,583,29,ff14569
1346,594,29,ff14570
1346,585,29,ff14571
1346,3738,29,ff14572
1346,3751,29,ff14573
1346,3743,29,ff14574
1346,3741,29,ff14575
1346,3752,29,ff14576
1296,722,4079,ff14577
1451,409,411,ff14578
1451,413,411,ff14579
1451,424,411,ff14580
1451,258,165,ff14581
1451,410,411,ff14582
1451,418,411,ff14583
1451,216,411,ff14584
1451,252,165,ff14585
1451,259,165,ff14586
1451,411,411,ff14587
1451,421,411,ff14588
1451,429,411,ff14589
1883,60,1071,ff14590
1830,1224,73,ff14591
1830,1124,73,ff14592
1830,1157,73,ff14593
1830,1171,73,ff14594
1830,1221,73,ff14595
1830,1226,73,ff14596
1830,1230,73,ff14597
1830,1260,73,ff14598
1830,1269,73,ff14599
1830,1270,73,ff14600
1830,1284,73,ff14601
1830,1293,73,ff14602
1830,1305,73,ff14603
1830,3861,73,ff14604
1830,759,73,ff14605
1830,1137,73,ff14606
1830,1140,73,ff14607
1830,1149,73,ff14608
1830,1159,73,ff14609
1830,1165,73,ff14610
1830,1167,73,ff14611
1830,1223,73,ff14612
1830,1265,73,ff14613
1830,1275,73,ff14614
1830,1277,73,ff14615
1830,1299,73,ff14616
1830,1309,73,ff14617
1830,814,73,ff14618
1830,1266,73,ff14619
1576,60,1071,ff14620
1640,1224,77,ff14621
1640,1124,77,ff14622
1640,1157,77,ff14623
1640,1171,77,ff14624
1640,1221,77,ff14625
1640,1226,77,ff14626
1640,1230,77,ff14627
1640,1260,77,ff14628
1640,1269,77,ff14629
1640,1270,77,ff14630
1640,1284,77,ff14631
1640,1293,77,ff14632
1640,1305,77,ff14633
1640,3861,77,ff14634
1640,759,77,ff14635
1640,1137,77,ff14636
1640,1140,77,ff14637
1640,1149,77,ff14638
1640,1159,77,ff14639
1640,1165,77,ff14640
1640,1167,77,ff14641
1640,1223,77,ff14642
1640,1265,77,ff14643
1640,1275,77,ff14644
1640,1277,77,ff14645
1640,1299,77,ff14646
1640,1309,77,ff14647
1640,814,77,ff14648
1640,1266,77,ff14649
1516,409,411,ff14650
1516,413,411,ff14651
1516,424,411,ff14652
1516,258,165,ff14653
1516,410,411,ff14654
1516,418,411,ff14655
1516,216,411,ff14656
1516,252,165,ff14657
1516,259,165,ff14658
1516,411,411,ff14659
1516,421,411,ff14660
1516,429,411,ff14661
1819,409,411,ff14662
1819,413,411,ff14663
1819,424,411,ff14664
1819,258,165,ff14665
1819,410,411,ff14666
1819,418,411,ff14667
1819,216,411,ff14668
1819,252,165,ff14669
1819,259,165,ff14670
1819,411,411,ff14671
1819,421,411,ff14672
1819,429,411,ff14673
1522,409,411,ff14674
1522,413,411,ff14675
1522,424,411,ff14676
1522,258,165,ff14677
1522,410,411,ff14678
1522,418,411,ff14679
1522,216,411,ff14680
1522,252,165,ff14681
1522,259,165,ff14682
1522,411,411,ff14683
1522,421,411,ff14684
1522,429,411,ff14685
1831,409,411,ff14686
1831,413,411,ff14687
1831,424,411,ff14688
1831,258,165,ff14689
1831,410,411,ff14690
1831,418,411,ff14691
1831,216,411,ff14692
1831,252,165,ff14693
1831,259,165,ff14694
1831,411,411,ff14695
1831,421,411,ff14696
1831,429,411,ff14697
1538,409,411,ff14698
1538,413,411,ff14699
1538,424,411,ff14700
1538,258,165,ff14701
1538,410,411,ff14702
1538,418,411,ff14703
1538,216,411,ff14704
1538,252,165,ff14705
1538,259,165,ff14706
1538,411,411,ff14707
1538,421,411,ff14708
1538,429,411,ff14709
2461,409,411,ff14710
2461,413,411,ff14711
2461,424,411,ff14712
2461,258,165,ff14713
2461,410,411,ff14714
2461,418,411,ff14715
2461,216,411,ff14716
2461,252,165,ff14717
2461,259,165,ff14718
2461,411,411,ff14719
2461,421,411,ff14720
2461,429,411,ff14721
2475,1,53,ff14722
2475,1330,53,ff14723
2475,1333,53,ff14724
2475,1337,53,ff14725
2475,1360,53,ff14726
2475,1364,53,ff14727
2475,1381,53,ff14728
2475,1388,53,ff14729
2475,1409,53,ff14730
2475,1423,53,ff14731
2475,1447,53,ff14732
2475,1453,53,ff14733
2475,1454,53,ff14734
2475,1462,53,ff14735
2475,1467,53,ff14736
2475,1472,53,ff14737
2475,1482,53,ff14738
2475,1484,53,ff14739
2475,1490,53,ff14740
2475,1504,53,ff14741
2475,2579,53,ff14742
2475,584,53,ff14743
2475,1406,53,ff14744
2475,1475,53,ff14745
2475,1352,53,ff14746
2475,1323,53,ff14747
2475,1479,53,ff14748
2475,1401,53,ff14749
2475,1351,53,ff14750
2475,1318,53,ff14751
2475,1434,53,ff14752
2475,1500,53,ff14753
2475,1417,53,ff14754
2475,1338,53,ff14755
2475,1328,53,ff14756
2475,1461,53,ff14757
2475,1495,53,ff14758
2475,1497,53,ff14759
2475,1336,53,ff14760
2475,1376,53,ff14761
2475,1384,53,ff14762
2475,1505,53,ff14763
2475,1320,53,ff14764
2475,1415,53,ff14765
2475,1399,53,ff14766
2475,1470,53,ff14767
2475,1411,53,ff14768
2475,1451,53,ff14769
2475,1387,53,ff14770
2475,1321,53,ff14771
2475,1335,53,ff14772
2475,1357,53,ff14773
2475,1374,53,ff14774
2475,1386,53,ff14775
2475,1424,53,ff14776
2475,1442,53,ff14777
2475,2576,53,ff14778
2475,583,53,ff14779
2475,594,53,ff14780
2475,585,53,ff14781
2475,3738,53,ff14782
2475,3751,53,ff14783
2475,3743,53,ff14784
2475,3741,53,ff14785
2475,3752,53,ff14786
1740,409,60,ff14787
1740,413,60,ff14788
1740,424,60,ff14789
1740,258,60,ff14790
1740,410,60,ff14791
1740,418,60,ff14792
1740,941,60,ff14793
1740,951,60,ff14794
1740,923,60,ff14795
1740,216,60,ff14796
1740,252,60,ff14797
1740,259,60,ff14798
1740,4,60,ff14799
1740,44,60,ff14800
1740,948,60,ff14801
1740,411,60,ff14802
1740,421,60,ff14803
1740,429,60,ff14804
1740,722,60,ff14805
1740,3867,60,ff14806
1740,3003,60,ff14807
1740,3533,60,ff14808
1740,917,60,ff14809
1740,953,60,ff14810
2261,1224,73,ff14811
2261,1124,73,ff14812
2261,1157,73,ff14813
2261,1171,73,ff14814
2261,1221,73,ff14815
2261,1226,73,ff14816
2261,1230,73,ff14817
2261,1260,73,ff14818
2261,1269,73,ff14819
2261,1270,73,ff14820
2261,1284,73,ff14821
2261,1293,73,ff14822
2261,1305,73,ff14823
2261,3861,73,ff14824
2261,759,73,ff14825
2261,1137,73,ff14826
2261,1140,73,ff14827
2261,1149,73,ff14828
2261,1159,73,ff14829
2261,1165,73,ff14830
2261,1167,73,ff14831
2261,1223,73,ff14832
2261,1265,73,ff14833
2261,1275,73,ff14834
2261,1277,73,ff14835
2261,1299,73,ff14836
2261,1309,73,ff14837
2261,814,73,ff14838
2261,1266,73,ff14839
1761,409,60,ff14840
1761,413,60,ff14841
1761,424,60,ff14842
1761,258,60,ff14843
1761,410,60,ff14844
1761,418,60,ff14845
1761,941,60,ff14846
1761,951,60,ff14847
1761,923,60,ff14848
1761,216,60,ff14849
1761,252,60,ff14850
1761,259,60,ff14851
1761,4,60,ff14852
1761,44,60,ff14853
1761,948,60,ff14854
1761,411,60,ff14855
1761,421,60,ff14856
1761,429,60,ff14857
1761,722,60,ff14858
1761,3867,60,ff14859
1761,3003,60,ff14860
1761,3533,60,ff14861
1761,917,60,ff14862
1761,953,60,ff14863
1718,409,60,ff14864
1718,413,60,ff14865
1718,424,60,ff14866
1718,258,60,ff14867
1718,410,60,ff14868
1718,418,60,ff14869
1718,941,60,ff14870
1718,951,60,ff14871
1718,923,60,ff14872
1718,216,60,ff14873
1718,252,60,ff14874
1718,259,60,ff14875
1718,4,60,ff14876
1718,44,60,ff14877
1718,948,60,ff14878
1718,411,60,ff14879
1718,421,60,ff14880
1718,429,60,ff14881
1718,722,60,ff14882
1718,3867,60,ff14883
1718,3003,60,ff14884
1718,3533,60,ff14885
1718,917,60,ff14886
1718,953,60,ff14887
2490,1,29,ff14888
2490,1330,29,ff14889
2490,1333,29,ff14890
2490,1337,29,ff14891
2490,1360,29,ff14892
2490,1364,29,ff14893
2490,1381,29,ff14894
2490,1388,29,ff14895
2490,1409,29,ff14896
2490,1423,29,ff14897
2490,1447,29,ff14898
2490,1453,29,ff14899
2490,1454,29,ff14900
2490,1462,29,ff14901
2490,1467,29,ff14902
2490,1472,29,ff14903
2490,1482,29,ff14904
2490,1484,29,ff14905
2490,1490,29,ff14906
2490,1504,29,ff14907
2490,2579,29,ff14908
2490,584,29,ff14909
2490,1406,29,ff14910
2490,1475,29,ff14911
2490,1352,29,ff14912
2490,1323,29,ff14913
2490,1479,29,ff14914
2490,1401,29,ff14915
2490,1351,29,ff14916
2490,1318,29,ff14917
2490,1434,29,ff14918
2490,1500,29,ff14919
2490,1417,29,ff14920
2490,1338,29,ff14921
2490,1328,29,ff14922
2490,1461,29,ff14923
2490,1495,29,ff14924
2490,1497,29,ff14925
2490,1336,29,ff14926
2490,1376,29,ff14927
2490,1384,29,ff14928
2490,1505,29,ff14929
2490,1320,29,ff14930
2490,1415,29,ff14931
2490,1399,29,ff14932
2490,1470,29,ff14933
2490,1411,29,ff14934
2490,1451,29,ff14935
2490,1387,29,ff14936
2490,1321,29,ff14937
2490,1335,29,ff14938
2490,1357,29,ff14939
2490,1374,29,ff14940
2490,1386,29,ff14941
2490,1424,29,ff14942
2490,1442,29,ff14943
2490,2576,29,ff14944
2490,583,29,ff14945
2490,594,29,ff14946
2490,585,29,ff14947
2490,3738,29,ff14948
2490,3751,29,ff14949
2490,3743,29,ff14950
2490,3741,29,ff14951
2490,3752,29,ff14952
2326,4,2748,ff14953
1782,409,60,ff14954
1782,413,60,ff14955
1782,424,60,ff14956
1782,258,60,ff14957
1782,410,60,ff14958
1782,418,60,ff14959
1782,941,60,ff14960
1782,951,60,ff14961
1782,923,60,ff14962
1782,216,60,ff14963
1782,252,60,ff14964
1782,259,60,ff14965
1782,4,60,ff14966
1782,44,60,ff14967
1782,948,60,ff14968
1782,411,60,ff14969
1782,421,60,ff14970
1782,429,60,ff14971
1782,722,60,ff14972
1782,3867,60,ff14973
1782,3003,60,ff14974
1782,3533,60,ff14975
1782,917,60,ff14976
1782,953,60,ff14977
1791,409,60,ff14978
1791,413,60,ff14979
1791,424,60,ff14980
1791,258,60,ff14981
1791,410,60,ff14982
1791,418,60,ff14983
1791,941,60,ff14984
1791,951,60,ff14985
1791,923,60,ff14986
1791,216,60,ff14987
1791,252,60,ff14988
1791,259,60,ff14989
1791,4,60,ff14990
1791,44,60,ff14991
1791,948,60,ff14992
1791,411,60,ff14993
1791,421,60,ff14994
1791,429,60,ff14995
1791,722,60,ff14996
1791,3867,60,ff14997
1791,3003,60,ff14998
1791,3533,60,ff14999
1791,917,60,ff15000
1791,953,60,ff15001
2224,1,53,ff15002
2224,1330,53,ff15003
2224,1333,53,ff15004
2224,1337,53,ff15005
2224,1360,53,ff15006
2224,1364,53,ff15007
2224,1381,53,ff15008
2224,1388,53,ff15009
2224,1409,53,ff15010
2224,1423,53,ff15011
2224,1447,53,ff15012
2224,1453,53,ff15013
2224,1454,53,ff15014
2224,1462,53,ff15015
2224,1467,53,ff15016
2224,1472,53,ff15017
2224,1482,53,ff15018
2224,1484,53,ff15019
2224,1490,53,ff15020
2224,1504,53,ff15021
2224,2579,53,ff15022
2224,584,53,ff15023
2224,1406,53,ff15024
2224,1475,53,ff15025
2224,1352,53,ff15026
2224,1323,53,ff15027
2224,1479,53,ff15028
2224,1401,53,ff15029
2224,1351,53,ff15030
2224,1318,53,ff15031
2224,1434,53,ff15032
2224,1500,53,ff15033
2224,1417,53,ff15034
2224,1338,53,ff15035
2224,1328,53,ff15036
2224,1461,53,ff15037
2224,1495,53,ff15038
2224,1497,53,ff15039
2224,1336,53,ff15040
2224,1376,53,ff15041
2224,1384,53,ff15042
2224,1505,53,ff15043
2224,1320,53,ff15044
2224,1415,53,ff15045
2224,1399,53,ff15046
2224,1470,53,ff15047
2224,1411,53,ff15048
2224,1451,53,ff15049
2224,1387,53,ff15050
2224,1321,53,ff15051
2224,1335,53,ff15052
2224,1357,53,ff15053
2224,1374,53,ff15054
2224,1386,53,ff15055
2224,1424,53,ff15056
2224,1442,53,ff15057
2224,2576,53,ff15058
2224,583,53,ff15059
2224,594,53,ff15060
2224,585,53,ff15061
2224,3738,53,ff15062
2224,3751,53,ff15063
2224,3743,53,ff15064
2224,3741,53,ff15065
2224,3752,53,ff15066
456,73,1115,ff15067
456,75,1115,ff15068
2370,1224,77,ff15069
2370,1124,77,ff15070
2370,1157,77,ff15071
2370,1171,77,ff15072
2370,1221,77,ff15073
2370,1226,77,ff15074
2370,1230,77,ff15075
2370,1260,77,ff15076
2370,1269,77,ff15077
2370,1270,77,ff15078
2370,1284,77,ff15079
2370,1293,77,ff15080
2370,1305,77,ff15081
2370,3861,77,ff15082
2370,759,77,ff15083
2370,1137,77,ff15084
2370,1140,77,ff15085
2370,1149,77,ff15086
2370,1159,77,ff15087
2370,1165,77,ff15088
2370,1167,77,ff15089
2370,1223,77,ff15090
2370,1265,77,ff15091
2370,1275,77,ff15092
2370,1277,77,ff15093
2370,1299,77,ff15094
2370,1309,77,ff15095
2370,814,77,ff15096
2370,1266,77,ff15097
2350,73,1115,ff15098
2350,75,1115,ff15099
2321,4,2748,ff15100
1988,409,60,ff15101
1988,413,60,ff15102
1988,424,60,ff15103
1988,258,60,ff15104
1988,410,60,ff15105
1988,418,60,ff15106
1988,941,60,ff15107
1988,951,60,ff15108
1988,923,60,ff15109
1988,216,60,ff15110
1988,252,60,ff15111
1988,259,60,ff15112
1988,4,60,ff15113
1988,44,60,ff15114
1988,948,60,ff15115
1988,411,60,ff15116
1988,421,60,ff15117
1988,429,60,ff15118
1988,722,60,ff15119
1988,3867,60,ff15120
1988,3003,60,ff15121
1988,3533,60,ff15122
1988,917,60,ff15123
1988,953,60,ff15124
2001,409,60,ff15125
2001,413,60,ff15126
2001,424,60,ff15127
2001,258,60,ff15128
2001,410,60,ff15129
2001,418,60,ff15130
2001,941,60,ff15131
2001,951,60,ff15132
2001,923,60,ff15133
2001,216,60,ff15134
2001,252,60,ff15135
2001,259,60,ff15136
2001,4,60,ff15137
2001,44,60,ff15138
2001,948,60,ff15139
2001,411,60,ff15140
2001,421,60,ff15141
2001,429,60,ff15142
2001,722,60,ff15143
2001,3867,60,ff15144
2001,3003,60,ff15145
2001,3533,60,ff15146
2001,917,60,ff15147
2001,953,60,ff15148
2334,4,2748,ff15149
265,409,411,ff15150
265,413,411,ff15151
265,424,411,ff15152
265,258,165,ff15153
265,410,411,ff15154
265,418,411,ff15155
265,216,411,ff15156
265,252,165,ff15157
265,259,165,ff15158
265,411,411,ff15159
265,421,411,ff15160
265,429,411,ff15161
313,409,411,ff15162
313,413,411,ff15163
313,424,411,ff15164
313,258,165,ff15165
313,410,411,ff15166
313,418,411,ff15167
313,216,411,ff15168
313,252,165,ff15169
313,259,165,ff15170
313,411,411,ff15171
313,421,411,ff15172
313,429,411,ff15173
960,409,411,ff15174
960,413,411,ff15175
960,424,411,ff15176
960,258,165,ff15177
960,410,411,ff15178
960,418,411,ff15179
960,216,411,ff15180
960,252,165,ff15181
960,259,165,ff15182
960,411,411,ff15183
960,421,411,ff15184
960,429,411,ff15185
968,409,411,ff15186
968,413,411,ff15187
968,424,411,ff15188
968,258,165,ff15189
968,410,411,ff15190
968,418,411,ff15191
968,216,411,ff15192
968,252,165,ff15193
968,259,165,ff15194
968,411,411,ff15195
968,421,411,ff15196
968,429,411,ff15197
337,409,411,ff15198
337,413,411,ff15199
337,424,411,ff15200
337,258,165,ff15201
337,410,411,ff15202
337,418,411,ff15203
337,216,411,ff15204
337,252,165,ff15205
337,259,165,ff15206
337,411,411,ff15207
337,421,411,ff15208
337,429,411,ff15209
349,409,411,ff15210
349,413,411,ff15211
349,424,411,ff15212
349,258,165,ff15213
349,410,411,ff15214
349,418,411,ff15215
349,216,411,ff15216
349,252,165,ff15217
349,259,165,ff15218
349,411,411,ff15219
349,421,411,ff15220
349,429,411,ff15221
390,409,411,ff15222
390,413,411,ff15223
390,424,411,ff15224
390,258,165,ff15225
390,410,411,ff15226
390,418,411,ff15227
390,216,411,ff15228
390,252,165,ff15229
390,259,165,ff15230
390,411,411,ff15231
390,421,411,ff15232
390,429,411,ff15233
420,409,411,ff15234
420,413,411,ff15235
420,424,411,ff15236
420,258,165,ff15237
420,410,411,ff15238
420,418,411,ff15239
420,216,411,ff15240
420,252,165,ff15241
420,259,165,ff15242
420,411,411,ff15243
420,421,411,ff15244
420,429,411,ff15245
825,1,47,ff15246
825,1330,47,ff15247
825,1333,47,ff15248
825,1337,47,ff15249
825,1360,47,ff15250
825,1364,47,ff15251
825,1381,47,ff15252
825,1388,47,ff15253
825,1409,47,ff15254
825,1423,47,ff15255
825,1447,47,ff15256
825,1453,47,ff15257
825,1454,47,ff15258
825,1462,47,ff15259
825,1467,47,ff15260
825,1472,47,ff15261
825,1482,47,ff15262
825,1484,47,ff15263
825,1490,47,ff15264
825,1504,47,ff15265
825,2579,47,ff15266
825,584,47,ff15267
825,1406,47,ff15268
825,1475,47,ff15269
825,1352,47,ff15270
825,1323,47,ff15271
825,1479,47,ff15272
825,1401,47,ff15273
825,1351,47,ff15274
825,1318,47,ff15275
825,1434,47,ff15276
825,1500,47,ff15277
825,1417,47,ff15278
825,1338,47,ff15279
825,1328,47,ff15280
825,1461,47,ff15281
825,1495,47,ff15282
825,1497,47,ff15283
825,1336,47,ff15284
825,1376,47,ff15285
825,1384,47,ff15286
825,1505,47,ff15287
825,1320,47,ff15288
825,1415,47,ff15289
825,1399,47,ff15290
825,1470,47,ff15291
825,1411,47,ff15292
825,1451,47,ff15293
825,1387,47,ff15294
825,1321,47,ff15295
825,1335,47,ff15296
825,1357,47,ff15297
825,1374,47,ff15298
825,1386,47,ff15299
825,1424,47,ff15300
825,1442,47,ff15301
825,2576,47,ff15302
825,583,47,ff15303
825,594,47,ff15304
825,585,47,ff15305
825,3738,47,ff15306
825,3751,47,ff15307
825,3743,47,ff15308
825,3741,47,ff15309
825,3752,47,ff15310
1096,1,47,ff15311
1096,1330,47,ff15312
1096,1333,47,ff15313
1096,1337,47,ff15314
1096,1360,47,ff15315
1096,1364,47,ff15316
1096,1381,47,ff15317
1096,1388,47,ff15318
1096,1409,47,ff15319
1096,1423,47,ff15320
1096,1447,47,ff15321
1096,1453,47,ff15322
1096,1454,47,ff15323
1096,1462,47,ff15324
1096,1467,47,ff15325
1096,1472,47,ff15326
1096,1482,47,ff15327
1096,1484,47,ff15328
1096,1490,47,ff15329
1096,1504,47,ff15330
1096,2579,47,ff15331
1096,584,47,ff15332
1096,1406,47,ff15333
1096,1475,47,ff15334
1096,1352,47,ff15335
1096,1323,47,ff15336
1096,1479,47,ff15337
1096,1401,47,ff15338
1096,1351,47,ff15339
1096,1318,47,ff15340
1096,1434,47,ff15341
1096,1500,47,ff15342
1096,1417,47,ff15343
1096,1338,47,ff15344
1096,1328,47,ff15345
1096,1461,47,ff15346
1096,1495,47,ff15347
1096,1497,47,ff15348
1096,1336,47,ff15349
1096,1376,47,ff15350
1096,1384,47,ff15351
1096,1505,47,ff15352
1096,1320,47,ff15353
1096,1415,47,ff15354
1096,1399,47,ff15355
1096,1470,47,ff15356
1096,1411,47,ff15357
1096,1451,47,ff15358
1096,1387,47,ff15359
1096,1321,47,ff15360
1096,1335,47,ff15361
1096,1357,47,ff15362
1096,1374,47,ff15363
1096,1386,47,ff15364
1096,1424,47,ff15365
1096,1442,47,ff15366
1096,2576,47,ff15367
1096,583,47,ff15368
1096,594,47,ff15369
1096,585,47,ff15370
1096,3738,47,ff15371
1096,3751,47,ff15372
1096,3743,47,ff15373
1096,3741,47,ff15374
1096,3752,47,ff15375
462,409,411,ff15376
462,413,411,ff15377
462,424,411,ff15378
462,258,165,ff15379
462,410,411,ff15380
462,418,411,ff15381
462,216,411,ff15382
462,252,165,ff15383
462,259,165,ff15384
462,411,411,ff15385
462,421,411,ff15386
462,429,411,ff15387
522,409,411,ff15388
522,413,411,ff15389
522,424,411,ff15390
522,258,165,ff15391
522,410,411,ff15392
522,418,411,ff15393
522,216,411,ff15394
522,252,165,ff15395
522,259,165,ff15396
522,411,411,ff15397
522,421,411,ff15398
522,429,411,ff15399
641,409,411,ff15400
641,413,411,ff15401
641,424,411,ff15402
641,258,165,ff15403
641,410,411,ff15404
641,418,411,ff15405
641,216,411,ff15406
641,252,165,ff15407
641,259,165,ff15408
641,411,411,ff15409
641,421,411,ff15410
641,429,411,ff15411
838,335,2893,ff15412
838,208,2893,ff15413
838,209,2893,ff15414
838,224,2893,ff15415
838,226,2893,ff15416
838,228,2893,ff15417
838,336,2893,ff15418
838,382,2893,ff15419
838,463,2893,ff15420
787,409,411,ff15421
787,413,411,ff15422
787,424,411,ff15423
787,258,165,ff15424
787,410,411,ff15425
787,418,411,ff15426
787,216,411,ff15427
787,252,165,ff15428
787,259,165,ff15429
787,411,411,ff15430
787,421,411,ff15431
787,429,411,ff15432
738,409,411,ff15433
738,413,411,ff15434
738,424,411,ff15435
738,258,165,ff15436
738,410,411,ff15437
738,418,411,ff15438
738,216,411,ff15439
738,252,165,ff15440
738,259,165,ff15441
738,411,411,ff15442
738,421,411,ff15443
738,429,411,ff15444
632,409,411,ff15445
632,413,411,ff15446
632,424,411,ff15447
632,258,165,ff15448
632,410,411,ff15449
632,418,411,ff15450
632,216,411,ff15451
632,252,165,ff15452
632,259,165,ff15453
632,411,411,ff15454
632,421,411,ff15455
632,429,411,ff15456
1058,409,411,ff15457
1058,413,411,ff15458
1058,424,411,ff15459
1058,258,165,ff15460
1058,410,411,ff15461
1058,418,411,ff15462
1058,216,411,ff15463
1058,252,165,ff15464
1058,259,165,ff15465
1058,411,411,ff15466
1058,421,411,ff15467
1058,429,411,ff15468
482,1,27,ff15469
482,1330,27,ff15470
482,1333,27,ff15471
482,1337,27,ff15472
482,1360,27,ff15473
482,1364,27,ff15474
482,1381,27,ff15475
482,1388,27,ff15476
482,1409,27,ff15477
482,1423,27,ff15478
482,1447,27,ff15479
482,1453,27,ff15480
482,1454,27,ff15481
482,1462,27,ff15482
482,1467,27,ff15483
482,1472,27,ff15484
482,1482,27,ff15485
482,1484,27,ff15486
482,1490,27,ff15487
482,1504,27,ff15488
482,2579,27,ff15489
482,584,27,ff15490
482,1406,27,ff15491
482,1475,27,ff15492
482,1352,27,ff15493
482,1323,27,ff15494
482,1479,27,ff15495
482,1401,27,ff15496
482,1351,27,ff15497
482,1318,27,ff15498
482,1434,27,ff15499
482,1500,27,ff15500
482,1417,27,ff15501
482,1338,27,ff15502
482,1328,27,ff15503
482,1461,27,ff15504
482,1495,27,ff15505
482,1497,27,ff15506
482,1336,27,ff15507
482,1376,27,ff15508
482,1384,27,ff15509
482,1505,27,ff15510
482,1320,27,ff15511
482,1415,27,ff15512
482,1399,27,ff15513
482,1470,27,ff15514
482,1411,27,ff15515
482,1451,27,ff15516
482,1387,27,ff15517
482,1321,27,ff15518
482,1335,27,ff15519
482,1357,27,ff15520
482,1374,27,ff15521
482,1386,27,ff15522
482,1424,27,ff15523
482,1442,27,ff15524
482,2576,27,ff15525
482,583,27,ff15526
482,594,27,ff15527
482,585,27,ff15528
482,3738,27,ff15529
482,3751,27,ff15530
482,3743,27,ff15531
482,3741,27,ff15532
482,3752,27,ff15533
2085,409,411,ff15534
2085,413,411,ff15535
2085,424,411,ff15536
2085,258,165,ff15537
2085,410,411,ff15538
2085,418,411,ff15539
2085,216,411,ff15540
2085,252,165,ff15541
2085,259,165,ff15542
2085,411,411,ff15543
2085,421,411,ff15544
2085,429,411,ff15545
1052,409,411,ff15546
1052,413,411,ff15547
1052,424,411,ff15548
1052,258,165,ff15549
1052,410,411,ff15550
1052,418,411,ff15551
1052,216,411,ff15552
1052,252,165,ff15553
1052,259,165,ff15554
1052,411,411,ff15555
1052,421,411,ff15556
1052,429,411,ff15557
146,409,411,ff15558
146,413,411,ff15559
146,424,411,ff15560
146,258,165,ff15561
146,410,411,ff15562
146,418,411,ff15563
146,216,411,ff15564
146,252,165,ff15565
146,259,165,ff15566
146,411,411,ff15567
146,421,411,ff15568
146,429,411,ff15569
