1002,4,ff24046
1003,4,ff24047
1007,24,ff24048
1011,628,ff24049
1012,53,ff24050
1016,53,ff24051
1018,53,ff24052
102,266,ff24053
1020,638,ff24054
1037,1106,ff24055
1042,4,ff24056
1043,24,ff24057
1044,732,ff24058
1049,639,ff24059
105,732,ff24060
1050,24,ff24061
1051,24,ff24062
1052,639,ff24063
1054,24,ff24064
1059,639,ff24065
1061,4,ff24066
1065,639,ff24067
1067,82,ff24068
107,1099,ff24069
1072,202,ff24070
1079,4,ff24071
108,7,ff24072
1084,639,ff24073
1085,4,ff24074
1086,639,ff24075
1091,4,ff24076
1093,4,ff24077
1096,732,ff24078
1099,4,ff24079
1108,743,ff24080
1111,24,ff24081
112,639,ff24082
1121,24,ff24083
1122,24,ff24084
1125,4,ff24085
1127,741,ff24086
1128,735,ff24087
1133,4,ff24088
1137,4,ff24089
1146,4,ff24090
1147,4,ff24091
1148,4,ff24092
1149,4,ff24093
1157,743,ff24094
116,4,ff24095
1163,4,ff24096
1166,745,ff24097
1172,4,ff24098
1173,736,ff24099
1175,4,ff24100
1178,4,ff24101
1179,4,ff24102
1180,4,ff24103
1182,4,ff24104
1187,837,ff24105
119,4,ff24106
1190,837,ff24107
1193,4,ff24108
1197,4,ff24109
1198,24,ff24110
12,4,ff24111
1201,24,ff24112
1202,628,ff24113
1207,24,ff24114
1209,24,ff24115
121,4,ff24116
1211,4,ff24117
1214,4,ff24118
1216,732,ff24119
1218,202,ff24120
122,4,ff24121
1220,4,ff24122
1224,526,ff24123
1228,29,ff24124
1229,82,ff24125
1236,4,ff24126
1242,82,ff24127
1243,4,ff24128
1251,4,ff24129
1256,250,ff24130
1261,7,ff24131
1263,823,ff24132
1267,823,ff24133
1269,823,ff24134
127,4,ff24135
1271,823,ff24136
1275,4,ff24137
1279,4,ff24138
1280,823,ff24139
1281,4,ff24140
1282,250,ff24141
1283,266,ff24142
1286,4,ff24143
1288,250,ff24144
1294,918,ff24145
1295,639,ff24146
1298,1119,ff24147
1304,639,ff24148
1307,639,ff24149
1308,823,ff24150
1312,4,ff24151
1318,4,ff24152
1326,4,ff24153
133,4,ff24154
1332,4,ff24155
1334,1106,ff24156
1335,8,ff24157
1336,1106,ff24158
1338,202,ff24159
135,4,ff24160
1350,53,ff24161
1358,403,ff24162
1362,6,ff24163
1368,4,ff24164
1371,4,ff24165
1372,24,ff24166
1373,4,ff24167
1375,24,ff24168
1376,24,ff24169
1377,4,ff24170
1381,639,ff24171
1383,1112,ff24172
1384,639,ff24173
1385,4,ff24174
1388,639,ff24175
139,4,ff24176
1392,639,ff24177
1393,1107,ff24178
1394,639,ff24179
1395,768,ff24180
1396,639,ff24181
14,4,ff24182
140,274,ff24183
1404,4,ff24184
1405,639,ff24185
1406,1112,ff24186
1407,639,ff24187
141,4,ff24188
1410,1112,ff24189
1413,1112,ff24190
1414,639,ff24191
1417,4,ff24192
1418,639,ff24193
1422,4,ff24194
1424,4,ff24195
1425,4,ff24196
1427,4,ff24197
143,24,ff24198
1430,639,ff24199
1432,639,ff24200
1436,768,ff24201
1437,768,ff24202
1440,768,ff24203
1445,768,ff24204
1449,4,ff24205
1458,639,ff24206
146,4,ff24207
1462,1130,ff24208
1464,1128,ff24209
1466,4,ff24210
1469,639,ff24211
1470,4,ff24212
1474,1114,ff24213
1478,1112,ff24214
1480,1112,ff24215
1483,639,ff24216
1486,1124,ff24217
149,4,ff24218
1491,1124,ff24219
1492,250,ff24220
1495,1124,ff24221
1498,1124,ff24222
1501,222,ff24223
151,274,ff24224
1513,1124,ff24225
1516,1124,ff24226
1522,1140,ff24227
1532,202,ff24228
1536,24,ff24229
1537,4,ff24230
1539,4,ff24231
1540,53,ff24232
1541,53,ff24233
1547,24,ff24234
1549,4,ff24235
1551,4,ff24236
1558,4,ff24237
156,4,ff24238
1560,4,ff24239
1563,53,ff24240
1565,4,ff24241
1569,1124,ff24242
1575,1124,ff24243
158,250,ff24244
1580,4,ff24245
1583,1124,ff24246
1588,4,ff24247
1590,628,ff24248
160,250,ff24249
1603,4,ff24250
1606,4,ff24251
1608,4,ff24252
1610,4,ff24253
1615,4,ff24254
1620,774,ff24255
1623,775,ff24256
1624,18,ff24257
1629,41,ff24258
1630,6,ff24259
1632,18,ff24260
1636,4,ff24261
164,829,ff24262
1643,740,ff24263
1645,7,ff24264
1649,4,ff24265
165,4,ff24266
1650,4,ff24267
1652,4,ff24268
1655,4,ff24269
1656,735,ff24270
1660,3,ff24271
1661,838,ff24272
1662,743,ff24273
1663,4,ff24274
1670,732,ff24275
1671,740,ff24276
1676,732,ff24277
1677,740,ff24278
168,4,ff24279
1689,4,ff24280
169,828,ff24281
1690,770,ff24282
1693,739,ff24283
1702,54,ff24284
1703,51,ff24285
1705,51,ff24286
171,250,ff24287
1712,51,ff24288
1717,18,ff24289
172,250,ff24290
1722,1165,ff24291
1724,1167,ff24292
1726,3,ff24293
1730,51,ff24294
1736,772,ff24295
1738,772,ff24296
1739,18,ff24297
174,266,ff24298
1742,639,ff24299
1744,4,ff24300
1746,53,ff24301
1749,4,ff24302
175,403,ff24303
1758,8,ff24304
1765,7,ff24305
177,640,ff24306
1774,24,ff24307
1777,53,ff24308
1782,24,ff24309
1783,4,ff24310
1790,4,ff24311
1791,265,ff24312
1794,24,ff24313
1797,24,ff24314
1798,4,ff24315
180,4,ff24316
1801,24,ff24317
1804,4,ff24318
1808,56,ff24319
1811,53,ff24320
1814,639,ff24321
1816,250,ff24322
1820,11,ff24323
1822,24,ff24324
1828,4,ff24325
1833,8,ff24326
1834,4,ff24327
1836,24,ff24328
1838,24,ff24329
1839,4,ff24330
1844,8,ff24331
1846,24,ff24332
1848,8,ff24333
1850,24,ff24334
1859,4,ff24335
1862,11,ff24336
1868,8,ff24337
1869,526,ff24338
1872,1121,ff24339
1880,639,ff24340
1882,631,ff24341
1883,250,ff24342
1884,631,ff24343
1886,626,ff24344
1888,3,ff24345
189,4,ff24346
1897,633,ff24347
1898,626,ff24348
1902,631,ff24349
1909,631,ff24350
1920,639,ff24351
1921,250,ff24352
1922,250,ff24353
1926,639,ff24354
1927,4,ff24355
1928,639,ff24356
1930,4,ff24357
1931,639,ff24358
1934,4,ff24359
1938,4,ff24360
1939,36,ff24361
1941,273,ff24362
1942,250,ff24363
1943,36,ff24364
1944,273,ff24365
1948,4,ff24366
195,4,ff24367
1953,273,ff24368
1954,4,ff24369
1959,295,ff24370
1960,295,ff24371
1962,139,ff24372
1964,394,ff24373
1967,137,ff24374
1972,274,ff24375
1973,205,ff24376
198,641,ff24377
1981,8,ff24378
1986,626,ff24379
199,641,ff24380
1990,3,ff24381
1993,4,ff24382
1996,636,ff24383
1997,670,ff24384
1998,250,ff24385
1999,636,ff24386
200,4,ff24387
2004,1099,ff24388
2005,250,ff24389
2006,732,ff24390
2010,250,ff24391
2017,4,ff24392
202,250,ff24393
2021,4,ff24394
2028,24,ff24395
2030,24,ff24396
2031,4,ff24397
2032,1106,ff24398
2034,4,ff24399
2035,4,ff24400
2038,639,ff24401
2039,250,ff24402
204,403,ff24403
2041,639,ff24404
2042,250,ff24405
2048,4,ff24406
2049,36,ff24407
2053,4,ff24408
2061,6,ff24409
2064,4,ff24410
2066,6,ff24411
2067,4,ff24412
207,403,ff24413
2070,34,ff24414
2071,50,ff24415
2073,4,ff24416
2074,812,ff24417
2075,4,ff24418
2078,1044,ff24419
208,4,ff24420
2080,220,ff24421
2088,273,ff24422
209,4,ff24423
2094,620,ff24424
2096,620,ff24425
2098,620,ff24426
210,4,ff24427
2105,250,ff24428
2106,248,ff24429
2107,248,ff24430
2109,248,ff24431
2110,250,ff24432
2111,252,ff24433
2116,250,ff24434
2120,250,ff24435
2121,264,ff24436
2122,250,ff24437
2126,4,ff24438
2127,249,ff24439
2129,249,ff24440
2133,3,ff24441
2140,254,ff24442
2141,250,ff24443
2146,250,ff24444
215,4,ff24445
2151,247,ff24446
2153,251,ff24447
2158,273,ff24448
217,4,ff24449
2172,714,ff24450
2174,714,ff24451
2181,258,ff24452
2182,250,ff24453
2188,4,ff24454
219,250,ff24455
2191,619,ff24456
2200,198,ff24457
2202,282,ff24458
2204,4,ff24459
2207,24,ff24460
2211,643,ff24461
2212,644,ff24462
2222,7,ff24463
2223,82,ff24464
2229,4,ff24465
2230,4,ff24466
2233,4,ff24467
2235,273,ff24468
224,4,ff24469
2242,24,ff24470
2243,4,ff24471
2245,4,ff24472
2246,4,ff24473
2251,4,ff24474
2252,4,ff24475
2253,4,ff24476
2256,627,ff24477
2261,253,ff24478
2264,627,ff24479
2265,627,ff24480
2270,266,ff24481
2271,4,ff24482
2272,4,ff24483
2274,4,ff24484
2275,4,ff24485
2276,24,ff24486
2282,24,ff24487
2291,24,ff24488
2298,4,ff24489
2299,24,ff24490
2303,24,ff24491
2304,24,ff24492
2305,4,ff24493
2309,4,ff24494
2311,24,ff24495
2313,24,ff24496
2315,24,ff24497
2316,4,ff24498
2317,24,ff24499
2320,24,ff24500
2321,4,ff24501
2324,644,ff24502
2328,253,ff24503
2330,640,ff24504
2332,4,ff24505
2333,619,ff24506
2334,619,ff24507
2335,4,ff24508
2336,627,ff24509
2337,627,ff24510
2342,7,ff24511
2343,627,ff24512
2347,297,ff24513
2358,644,ff24514
2363,4,ff24515
2364,522,ff24516
2367,303,ff24517
2369,3,ff24518
237,4,ff24519
2371,4,ff24520
2376,252,ff24521
2379,646,ff24522
2385,646,ff24523
2386,645,ff24524
2388,646,ff24525
2389,645,ff24526
239,266,ff24527
2392,619,ff24528
2393,627,ff24529
2394,250,ff24530
2397,264,ff24531
2399,3,ff24532
240,4,ff24533
2400,250,ff24534
2401,264,ff24535
2404,250,ff24536
2405,264,ff24537
2406,754,ff24538
2408,264,ff24539
2415,642,ff24540
2416,250,ff24541
2419,264,ff24542
242,4,ff24543
2420,250,ff24544
2422,250,ff24545
2429,619,ff24546
243,250,ff24547
2432,274,ff24548
244,4,ff24549
2440,4,ff24550
2441,4,ff24551
2444,4,ff24552
2445,4,ff24553
2450,4,ff24554
2452,4,ff24555
2457,24,ff24556
2458,4,ff24557
2460,4,ff24558
2462,4,ff24559
2464,24,ff24560
2466,4,ff24561
2467,4,ff24562
2472,675,ff24563
2475,619,ff24564
2478,266,ff24565
2479,4,ff24566
2480,24,ff24567
2481,4,ff24568
2482,4,ff24569
2486,4,ff24570
2492,24,ff24571
2496,621,ff24572
25,4,ff24573
250,265,ff24574
2506,675,ff24575
2508,675,ff24576
2511,252,ff24577
2513,252,ff24578
2514,247,ff24579
2515,619,ff24580
2528,4,ff24581
2530,440,ff24582
2534,250,ff24583
2537,247,ff24584
2539,674,ff24585
2543,672,ff24586
2544,674,ff24587
2555,8,ff24588
2556,295,ff24589
2558,440,ff24590
2567,4,ff24591
2568,403,ff24592
2573,727,ff24593
2574,727,ff24594
2575,727,ff24595
2576,716,ff24596
2577,4,ff24597
2581,4,ff24598
2585,4,ff24599
2587,4,ff24600
2588,627,ff24601
259,4,ff24602
2592,763,ff24603
2593,763,ff24604
2594,618,ff24605
2596,4,ff24606
2598,274,ff24607
2603,618,ff24608
2604,618,ff24609
2605,618,ff24610
261,24,ff24611
2611,36,ff24612
2612,4,ff24613
2613,615,ff24614
2614,250,ff24615
2619,618,ff24616
2622,257,ff24617
2624,440,ff24618
2628,11,ff24619
2629,658,ff24620
2636,257,ff24621
2640,24,ff24622
265,24,ff24623
2651,618,ff24624
2652,657,ff24625
2653,618,ff24626
2654,658,ff24627
2661,274,ff24628
2663,274,ff24629
2664,4,ff24630
2665,1050,ff24631
2666,4,ff24632
2672,4,ff24633
2673,617,ff24634
2674,617,ff24635
2675,4,ff24636
2680,1085,ff24637
2687,617,ff24638
2694,4,ff24639
2696,286,ff24640
2698,286,ff24641
2702,4,ff24642
2707,986,ff24643
2709,986,ff24644
271,4,ff24645
2712,205,ff24646
2715,526,ff24647
272,639,ff24648
2721,4,ff24649
273,250,ff24650
2732,205,ff24651
2736,999,ff24652
2741,4,ff24653
2743,8,ff24654
2744,24,ff24655
2746,8,ff24656
2747,617,ff24657
2749,1082,ff24658
2752,661,ff24659
2753,1082,ff24660
2754,1085,ff24661
2759,36,ff24662
2760,4,ff24663
2762,23,ff24664
2767,1062,ff24665
2768,1062,ff24666
2769,1062,ff24667
277,1107,ff24668
2772,1082,ff24669
2776,1087,ff24670
2778,1087,ff24671
278,4,ff24672
2781,1087,ff24673
2789,1069,ff24674
2790,1055,ff24675
2794,1064,ff24676
28,4,ff24677
2800,1069,ff24678
2801,1065,ff24679
2802,1056,ff24680
2803,1069,ff24681
2804,295,ff24682
2808,1071,ff24683
281,1106,ff24684
2811,1071,ff24685
2812,1071,ff24686
2813,1070,ff24687
283,4,ff24688
2831,23,ff24689
2832,23,ff24690
2833,1054,ff24691
2835,23,ff24692
2838,23,ff24693
2839,23,ff24694
2841,23,ff24695
2842,23,ff24696
2845,23,ff24697
2848,8,ff24698
285,639,ff24699
2851,1056,ff24700
2853,1056,ff24701
2856,546,ff24702
2857,4,ff24703
2862,1062,ff24704
2864,6,ff24705
2866,1062,ff24706
2868,4,ff24707
287,250,ff24708
2876,6,ff24709
2879,8,ff24710
2881,1065,ff24711
2886,1062,ff24712
289,266,ff24713
2893,1069,ff24714
2899,1059,ff24715
2901,1062,ff24716
2902,1076,ff24717
2910,4,ff24718
2914,1076,ff24719
2917,1062,ff24720
2920,1062,ff24721
2928,1076,ff24722
2930,1069,ff24723
2932,24,ff24724
2953,1062,ff24725
2955,1075,ff24726
2956,1062,ff24727
2957,1075,ff24728
2960,1056,ff24729
2961,1076,ff24730
2963,1065,ff24731
2966,1076,ff24732
2967,1062,ff24733
2972,1076,ff24734
2973,1076,ff24735
2974,1074,ff24736
2977,1064,ff24737
2980,1056,ff24738
2984,1057,ff24739
2987,1056,ff24740
2988,1064,ff24741
299,4,ff24742
2994,1058,ff24743
2995,1074,ff24744
3,618,ff24745
3001,1082,ff24746
3003,1085,ff24747
3005,1085,ff24748
3006,1085,ff24749
3010,986,ff24750
3012,986,ff24751
3015,986,ff24752
3018,250,ff24753
3023,986,ff24754
303,4,ff24755
3032,1087,ff24756
3033,1075,ff24757
3034,1087,ff24758
3040,257,ff24759
3041,265,ff24760
3042,1085,ff24761
3043,1082,ff24762
3044,285,ff24763
3045,3,ff24764
3048,24,ff24765
3058,4,ff24766
3059,250,ff24767
3061,1087,ff24768
3064,1087,ff24769
3068,721,ff24770
3070,1035,ff24771
3073,1076,ff24772
3074,721,ff24773
3076,1076,ff24774
3077,721,ff24775
3078,1017,ff24776
3084,1057,ff24777
3085,1058,ff24778
3088,1017,ff24779
3089,1066,ff24780
3091,1074,ff24781
3092,1074,ff24782
3096,1056,ff24783
31,18,ff24784
310,1106,ff24785
3102,1074,ff24786
3103,1074,ff24787
3104,1057,ff24788
3106,1074,ff24789
3108,1073,ff24790
3110,1056,ff24791
3111,1056,ff24792
3112,1066,ff24793
3119,1056,ff24794
312,1114,ff24795
3122,1056,ff24796
3124,1079,ff24797
3125,1079,ff24798
3127,1076,ff24799
3128,4,ff24800
3129,1076,ff24801
3135,24,ff24802
3138,4,ff24803
314,639,ff24804
3141,8,ff24805
3145,1073,ff24806
3150,1073,ff24807
3153,1058,ff24808
3155,1063,ff24809
3159,1076,ff24810
3163,1059,ff24811
3167,3,ff24812
3169,1055,ff24813
317,639,ff24814
3171,1073,ff24815
3174,1058,ff24816
3178,1057,ff24817
3191,1055,ff24818
3193,1087,ff24819
3194,4,ff24820
32,4,ff24821
3200,1073,ff24822
3202,295,ff24823
3203,8,ff24824
3205,8,ff24825
3206,1085,ff24826
3207,250,ff24827
321,4,ff24828
3212,1056,ff24829
3213,250,ff24830
3214,252,ff24831
3215,252,ff24832
3221,250,ff24833
3223,8,ff24834
3225,23,ff24835
3228,205,ff24836
3230,975,ff24837
3231,999,ff24838
3236,1085,ff24839
3237,298,ff24840
3243,1082,ff24841
3246,297,ff24842
3247,1085,ff24843
3248,297,ff24844
3250,1056,ff24845
3255,1065,ff24846
3257,1062,ff24847
3259,37,ff24848
326,7,ff24849
3263,1065,ff24850
3268,4,ff24851
327,628,ff24852
3275,1085,ff24853
3278,23,ff24854
328,250,ff24855
3280,23,ff24856
3283,23,ff24857
3285,1085,ff24858
3287,1084,ff24859
3288,1085,ff24860
3289,1084,ff24861
3294,215,ff24862
33,18,ff24863
3300,112,ff24864
3302,295,ff24865
3303,1062,ff24866
3304,6,ff24867
3306,1082,ff24868
3309,298,ff24869
3310,1085,ff24870
3313,1086,ff24871
3314,1085,ff24872
3316,1085,ff24873
3317,1034,ff24874
3319,1034,ff24875
332,4,ff24876
3321,1056,ff24877
3326,1035,ff24878
3327,720,ff24879
3331,721,ff24880
3332,1065,ff24881
3333,1056,ff24882
3335,1056,ff24883
3340,1056,ff24884
335,4,ff24885
3355,1062,ff24886
3356,37,ff24887
3358,6,ff24888
336,628,ff24889
3361,1065,ff24890
3364,1062,ff24891
3368,1082,ff24892
3374,1062,ff24893
3376,6,ff24894
3377,1056,ff24895
338,628,ff24896
3383,1062,ff24897
3384,6,ff24898
3385,1050,ff24899
3388,1057,ff24900
339,250,ff24901
3390,1059,ff24902
3396,112,ff24903
34,4,ff24904
340,24,ff24905
3403,4,ff24906
3405,1057,ff24907
3411,1058,ff24908
3412,1060,ff24909
3414,1059,ff24910
3422,1059,ff24911
3423,23,ff24912
3425,1070,ff24913
3426,1057,ff24914
3432,1058,ff24915
3435,1056,ff24916
3436,1073,ff24917
3437,1056,ff24918
3438,1073,ff24919
3441,1058,ff24920
3444,1057,ff24921
3445,1058,ff24922
3447,1082,ff24923
3448,4,ff24924
345,639,ff24925
3451,1082,ff24926
3454,1058,ff24927
3457,1057,ff24928
3458,1058,ff24929
3459,1074,ff24930
346,250,ff24931
3460,1071,ff24932
3462,1058,ff24933
3465,1074,ff24934
3466,1071,ff24935
3467,1057,ff24936
3468,1058,ff24937
3469,1059,ff24938
347,4,ff24939
3470,8,ff24940
3474,1085,ff24941
3475,1082,ff24942
3477,1086,ff24943
3482,273,ff24944
3483,274,ff24945
3484,273,ff24946
3486,274,ff24947
3487,4,ff24948
3495,1044,ff24949
3499,656,ff24950
3500,656,ff24951
3502,655,ff24952
3505,37,ff24953
3516,653,ff24954
3519,24,ff24955
3522,24,ff24956
3524,4,ff24957
353,24,ff24958
3530,620,ff24959
3536,295,ff24960
3543,739,ff24961
3544,76,ff24962
3548,6,ff24963
3556,76,ff24964
3559,831,ff24965
3563,24,ff24966
3565,20,ff24967
3567,41,ff24968
3569,41,ff24969
357,24,ff24970
3570,24,ff24971
3573,4,ff24972
3575,832,ff24973
3580,4,ff24974
3583,831,ff24975
36,620,ff24976
360,4,ff24977
3603,654,ff24978
3604,4,ff24979
3609,654,ff24980
3610,4,ff24981
3611,654,ff24982
3614,4,ff24983
3616,4,ff24984
3617,654,ff24985
3619,654,ff24986
3620,4,ff24987
3634,4,ff24988
3635,654,ff24989
3636,4,ff24990
3637,654,ff24991
3638,4,ff24992
3639,654,ff24993
364,24,ff24994
3641,654,ff24995
3643,654,ff24996
3647,654,ff24997
3648,654,ff24998
3650,654,ff24999
3653,654,ff25000
3655,654,ff25001
3660,654,ff25002
3662,654,ff25003
3668,654,ff25004
3671,654,ff25005
3681,654,ff25006
3684,654,ff25007
3691,654,ff25008
3696,654,ff25009
3699,654,ff25010
37,620,ff25011
3700,654,ff25012
3705,654,ff25013
3706,654,ff25014
3707,654,ff25015
371,4,ff25016
3720,654,ff25017
3726,654,ff25018
3728,654,ff25019
373,24,ff25020
3733,654,ff25021
3735,654,ff25022
3737,654,ff25023
3738,654,ff25024
3743,654,ff25025
3745,4,ff25026
3747,4,ff25027
3749,4,ff25028
3751,18,ff25029
3752,4,ff25030
3756,618,ff25031
3757,265,ff25032
3760,265,ff25033
3763,8,ff25034
3765,24,ff25035
3768,4,ff25036
3771,18,ff25037
3775,3,ff25038
3778,4,ff25039
3780,250,ff25040
3785,4,ff25041
3795,4,ff25042
3799,672,ff25043
380,24,ff25044
3800,1047,ff25045
3804,6,ff25046
3817,4,ff25047
3818,4,ff25048
382,4,ff25049
3821,24,ff25050
3823,24,ff25051
3830,4,ff25052
3836,4,ff25053
3837,4,ff25054
3839,4,ff25055
3843,4,ff25056
3844,4,ff25057
3845,4,ff25058
3846,4,ff25059
3854,4,ff25060
386,24,ff25061
3862,4,ff25062
3872,1002,ff25063
3873,4,ff25064
3878,4,ff25065
388,24,ff25066
3881,24,ff25067
3883,24,ff25068
3886,266,ff25069
3888,266,ff25070
3890,266,ff25071
3891,4,ff25072
3893,4,ff25073
3895,4,ff25074
3896,266,ff25075
390,4,ff25076
3902,266,ff25077
3903,4,ff25078
3904,266,ff25079
3912,672,ff25080
3918,18,ff25081
3920,24,ff25082
3921,4,ff25083
3922,24,ff25084
3925,4,ff25085
3926,4,ff25086
3935,71,ff25087
3937,4,ff25088
394,24,ff25089
3941,4,ff25090
3942,1002,ff25091
3943,1002,ff25092
3946,1002,ff25093
3947,1002,ff25094
3948,1005,ff25095
395,4,ff25096
3962,4,ff25097
3964,24,ff25098
3965,24,ff25099
3972,3,ff25100
3973,76,ff25101
3975,4,ff25102
3978,21,ff25103
3979,832,ff25104
398,4,ff25105
3981,21,ff25106
3982,675,ff25107
3983,250,ff25108
3984,675,ff25109
3987,672,ff25110
3990,4,ff25111
3995,672,ff25112
3997,672,ff25113
4,619,ff25114
40,621,ff25115
4002,620,ff25116
4003,266,ff25117
4004,403,ff25118
4006,266,ff25119
4008,266,ff25120
4017,403,ff25121
4019,620,ff25122
4021,620,ff25123
4025,4,ff25124
4026,620,ff25125
4031,620,ff25126
4032,394,ff25127
4034,394,ff25128
4039,8,ff25129
4044,24,ff25130
405,24,ff25131
4050,653,ff25132
4051,4,ff25133
4057,620,ff25134
4059,403,ff25135
4060,403,ff25136
4064,273,ff25137
4065,36,ff25138
4071,257,ff25139
4072,4,ff25140
4077,285,ff25141
4081,4,ff25142
4088,295,ff25143
4089,654,ff25144
409,24,ff25145
4094,654,ff25146
4097,654,ff25147
4098,4,ff25148
4099,295,ff25149
4103,654,ff25150
4105,295,ff25151
4114,295,ff25152
4115,654,ff25153
4116,4,ff25154
4121,654,ff25155
4128,4,ff25156
4129,295,ff25157
413,24,ff25158
4132,295,ff25159
4133,654,ff25160
4137,4,ff25161
4138,295,ff25162
414,4,ff25163
4145,654,ff25164
4147,654,ff25165
4152,654,ff25166
4153,654,ff25167
4155,654,ff25168
4158,654,ff25169
4162,654,ff25170
4163,654,ff25171
4165,654,ff25172
4167,654,ff25173
4170,654,ff25174
4172,654,ff25175
4174,654,ff25176
4176,654,ff25177
4183,654,ff25178
4185,654,ff25179
4186,654,ff25180
4190,654,ff25181
4193,654,ff25182
4194,654,ff25183
4198,654,ff25184
42,273,ff25185
420,24,ff25186
4203,654,ff25187
4204,654,ff25188
4210,654,ff25189
4221,654,ff25190
4222,654,ff25191
4224,654,ff25192
423,24,ff25193
4235,654,ff25194
4238,654,ff25195
424,4,ff25196
4241,654,ff25197
4247,620,ff25198
425,24,ff25199
4253,716,ff25200
4254,4,ff25201
4258,4,ff25202
4262,650,ff25203
4267,4,ff25204
4275,30,ff25205
4278,30,ff25206
4280,1115,ff25207
4282,1112,ff25208
4283,1115,ff25209
4287,639,ff25210
4290,24,ff25211
4295,24,ff25212
4297,24,ff25213
43,621,ff25214
430,4,ff25215
4309,4,ff25216
4310,4,ff25217
4311,4,ff25218
4316,4,ff25219
4319,4,ff25220
4323,4,ff25221
4325,250,ff25222
4326,4,ff25223
4328,29,ff25224
4329,4,ff25225
433,24,ff25226
4330,24,ff25227
4331,7,ff25228
4332,628,ff25229
4334,4,ff25230
4338,4,ff25231
4345,4,ff25232
4346,24,ff25233
4348,4,ff25234
4350,250,ff25235
4351,4,ff25236
4354,628,ff25237
4355,4,ff25238
4356,250,ff25239
4362,24,ff25240
4365,257,ff25241
4369,24,ff25242
4376,250,ff25243
4379,822,ff25244
4381,4,ff25245
4383,7,ff25246
4386,628,ff25247
4389,250,ff25248
44,621,ff25249
4401,707,ff25250
4411,708,ff25251
4418,673,ff25252
4419,707,ff25253
442,24,ff25254
4421,707,ff25255
4423,820,ff25256
4424,708,ff25257
4429,56,ff25258
443,4,ff25259
4430,675,ff25260
4432,56,ff25261
4434,4,ff25262
4435,56,ff25263
444,24,ff25264
4440,403,ff25265
4445,727,ff25266
4447,727,ff25267
4449,403,ff25268
445,24,ff25269
4450,727,ff25270
4451,4,ff25271
4455,727,ff25272
4456,4,ff25273
446,4,ff25274
453,24,ff25275
463,24,ff25276
465,24,ff25277
466,24,ff25278
467,4,ff25279
471,24,ff25280
474,24,ff25281
475,4,ff25282
476,24,ff25283
480,4,ff25284
483,4,ff25285
487,24,ff25286
489,4,ff25287
49,655,ff25288
491,4,ff25289
492,24,ff25290
493,24,ff25291
495,24,ff25292
496,4,ff25293
497,24,ff25294
498,24,ff25295
50,220,ff25296
500,24,ff25297
501,4,ff25298
502,24,ff25299
504,24,ff25300
505,24,ff25301
509,24,ff25302
513,4,ff25303
514,24,ff25304
520,4,ff25305
522,4,ff25306
525,4,ff25307
530,4,ff25308
533,4,ff25309
535,4,ff25310
537,203,ff25311
540,53,ff25312
541,4,ff25313
546,24,ff25314
56,620,ff25315
560,672,ff25316
562,821,ff25317
565,829,ff25318
568,383,ff25319
570,287,ff25320
571,7,ff25321
573,7,ff25322
579,82,ff25323
581,250,ff25324
582,4,ff25325
584,250,ff25326
589,4,ff25327
590,24,ff25328
593,4,ff25329
595,24,ff25330
600,250,ff25331
601,4,ff25332
602,4,ff25333
604,4,ff25334
606,4,ff25335
607,25,ff25336
61,36,ff25337
610,4,ff25338
612,250,ff25339
617,24,ff25340
618,24,ff25341
619,4,ff25342
625,4,ff25343
626,4,ff25344
627,4,ff25345
630,24,ff25346
633,4,ff25347
635,274,ff25348
636,274,ff25349
642,4,ff25350
643,24,ff25351
647,4,ff25352
656,628,ff25353
658,628,ff25354
66,4,ff25355
661,4,ff25356
664,250,ff25357
665,4,ff25358
670,8,ff25359
671,4,ff25360
672,24,ff25361
673,24,ff25362
675,24,ff25363
677,274,ff25364
678,8,ff25365
685,4,ff25366
686,4,ff25367
69,650,ff25368
691,4,ff25369
692,4,ff25370
694,4,ff25371
695,4,ff25372
698,250,ff25373
700,4,ff25374
701,4,ff25375
705,4,ff25376
706,672,ff25377
712,18,ff25378
713,4,ff25379
717,7,ff25380
72,650,ff25381
722,250,ff25382
730,18,ff25383
745,4,ff25384
747,4,ff25385
749,4,ff25386
75,650,ff25387
751,526,ff25388
753,8,ff25389
754,8,ff25390
757,8,ff25391
758,8,ff25392
76,1020,ff25393
762,250,ff25394
764,628,ff25395
77,1021,ff25396
770,4,ff25397
773,4,ff25398
779,16,ff25399
781,16,ff25400
787,4,ff25401
789,16,ff25402
791,628,ff25403
794,4,ff25404
796,4,ff25405
80,220,ff25406
801,24,ff25407
802,18,ff25408
804,56,ff25409
807,41,ff25410
811,41,ff25411
813,6,ff25412
816,4,ff25413
818,24,ff25414
825,4,ff25415
826,4,ff25416
831,56,ff25417
834,18,ff25418
836,4,ff25419
837,18,ff25420
840,18,ff25421
843,4,ff25422
844,4,ff25423
845,628,ff25424
848,831,ff25425
851,24,ff25426
855,267,ff25427
862,41,ff25428
863,6,ff25429
864,6,ff25430
87,257,ff25431
870,7,ff25432
872,41,ff25433
873,4,ff25434
875,24,ff25435
877,53,ff25436
878,24,ff25437
882,4,ff25438
885,24,ff25439
886,24,ff25440
888,24,ff25441
890,832,ff25442
900,11,ff25443
902,4,ff25444
903,11,ff25445
909,76,ff25446
911,523,ff25447
917,4,ff25448
918,267,ff25449
924,628,ff25450
925,4,ff25451
927,29,ff25452
929,628,ff25453
93,639,ff25454
936,7,ff25455
937,29,ff25456
938,250,ff25457
939,628,ff25458
94,4,ff25459
940,4,ff25460
943,4,ff25461
944,7,ff25462
946,4,ff25463
947,628,ff25464
948,4,ff25465
957,24,ff25466
962,628,ff25467
965,250,ff25468
967,8,ff25469
971,4,ff25470
974,24,ff25471
976,673,ff25472
978,24,ff25473
979,24,ff25474
982,628,ff25475
984,628,ff25476
986,628,ff25477
987,250,ff25478
991,7,ff25479
993,4,ff25480
995,4,ff25481
997,4,ff25482
